$ANSIBLE_VAULT;1.1;AES256
65613864666161386630663737356562616432316335663936393934666130393136643934386135
3937666238653262333965613234643236623031316638650a346437356536303533313465303266
36343634666538373563626535393030333638653364383732373035336337313635373334626137
3865636233343639660a393834666534633931633931366439343434646431376362613639613630
65653466613365643862323865626237383963623630646539303333333036306334663937343563
35336535313463633966306335396562306135386336623135373831303431383138326565323734
61633363396536376630303065343433613434326436383532306337636266616665303366663431
33376233623962373633666632343564663463326337373066393334326231363737373835353363
64336334393434336362333039353437323136616437393631383936643866316630353331393863
31656135626433366333646235333962313062623363336134383333393665613863363561616533
66373364323935383763313832306432646130323964633037396261333365343534323564623439
34326138626137306661363464636261663736626264393931366637313231613134323735636436
30313639613438366436343339386637366631383734626633396130393932626537646439373264
35333363326237343239386665646166613065323736386435636466336435336232346339633461
34646362613937343432326535383537613964643165313539646362653638663131336236343566
34396164326563383437
